[gd_scene load_steps=4 format=3 uid="uid://da6aq1i6rr1eh"]

[ext_resource type="ArrayMesh" uid="uid://clrvhwlic74f7" path="res://assets/models/Car-Model/Car.obj" id="1_0sjm8"]

[sub_resource type="SphereShape3D" id="SphereShape3D_7a1bh"]

[sub_resource type="SphereMesh" id="SphereMesh_rofjp"]

[node name="Road" type="Node3D"]

[node name="DirectionalLight3D" type="DirectionalLight3D" parent="."]
transform = Transform3D(-0.707107, -0.353553, 0.612372, 0, 0.866025, 0.5, -0.707107, 0.353553, -0.612372, 0, 0, 0)

[node name="DirectionalLight3D2" type="DirectionalLight3D" parent="."]
transform = Transform3D(0.965926, 0.12941, -0.224144, 0, 0.866025, 0.5, 0.258819, -0.482963, 0.836516, 0, 0, 0)
light_energy = 0.25

[node name="Camera and Road" type="Node3D" parent="."]
transform = Transform3D(14.4527, 0, 0, 0, 14.4527, 0, 0, 0, 14.4527, 0, 0, 0)

[node name="StaticBody3D" type="StaticBody3D" parent="Camera and Road"]
transform = Transform3D(5, 0, 0, 0, 5, 0, 0, 0, 5, 0, 0, 0)

[node name="CollisionShape3D" type="CollisionShape3D" parent="Camera and Road/StaticBody3D"]
shape = SubResource("SphereShape3D_7a1bh")

[node name="MeshInstance3D" type="MeshInstance3D" parent="Camera and Road/StaticBody3D"]
mesh = SubResource("SphereMesh_rofjp")

[node name="Camera3D" type="Camera3D" parent="Camera and Road"]
transform = Transform3D(1, 0, 0, 0, 1, 0, 0, 0, 1, -0.0480809, 2.4342, 1.15858)

[node name="Car" type="MeshInstance3D" parent="."]
transform = Transform3D(-1, 0, 8.74228e-08, 2.92183e-08, 0.942496, 0.334218, -8.23956e-08, 0.334218, -0.942496, -2.16675, 33.8363, 12.2432)
mesh = ExtResource("1_0sjm8")

[node name="Car2" type="MeshInstance3D" parent="."]
transform = Transform3D(-1, 0, 8.74228e-08, 2.92183e-08, 0.942496, 0.334218, -8.23956e-08, 0.334218, -0.942496, 0.833747, 33.8363, 12.2432)
mesh = ExtResource("1_0sjm8")
